<<<<<<< HEAD
5 2 1 0000F 00000000 0
22 4 3 0000C 00000000 0
23 4 3 0000D 00000000 0
24 4 3 0000E 00000000 0
25 4 3 0000F 00000064 0
29 2 1 00011 00000000 0
46 4 3 00010 00000000 0
47 4 3 00011 00000010 0
48 4 3 00012 00000020 0
49 4 3 00013 00000000 0
1161 2 2 00007 00000000 0
1178 4 3 00004 00000000 0
1179 4 3 00005 00000000 0
1180 4 3 00006 00000000 0
1181 4 3 00007 00000000 0
1606 3 1 00012 00000000 0
1607 2 3 00010 00000000 0
1608 2 3 00011 00000075 0
1609 2 3 00012 00000020 0
1610 2 3 00013 00000000 0
=======
8 0 1 00000 00000000 0
24 4 3 00000 00000001 0
25 4 3 00001 00000001 0
26 4 3 00002 00000001 0
27 4 3 00003 00000001 0
35 0 1 01000 00000000 0
51 4 3 01000 00000001 0
52 4 3 01001 00000001 0
53 4 3 01002 00000001 0
54 4 3 01003 00000001 0
66 0 2 02000 00000000 0
82 4 3 02000 00000000 0
83 4 3 02001 00000000 0
84 4 3 02002 00000000 0
85 4 3 02003 00000000 0
93 0 3 02000 00000002 0
94 0 3 02001 00000000 0
95 0 3 02002 00000000 0
96 0 3 02003 00000000 0
100 0 1 00001 00000000 0
116 4 3 00000 00000001 0
117 4 3 00001 00000001 0
118 4 3 00002 00000001 0
119 4 3 00003 00000001 0
123 0 1 01002 00000000 0
139 4 3 01000 00000001 0
140 4 3 01001 00000001 0
141 4 3 01002 00000001 0
142 4 3 01003 00000001 0
>>>>>>> 7321b07b60630dcc6b5639be50190a848cb01fdd
