0 000 --- --- --- --- 00000000 00000000 00000000 00000000 00000000 00000000 00000000 00000000 00000000 00000000 00000000 00000000 00000000 00000000 
1 001 000 --- --- --- 00000000 00000000 00000000 00000000 00000000 00000000 00000000 00000000 00000000 00000000 00000000 00000000 00000000 00000000 
2 002 001 000 --- --- 00000000 00000000 00000000 00000000 00000000 00000000 00000000 00000000 00000000 00000000 00000000 00000000 00000000 00000000 
3 002 002 001 000 --- 00000000 00000000 00000000 00000000 00000000 00000000 00000000 00000000 00000000 00000000 00000000 00000000 00000000 00000000 
4 002 002 --- 001 000 00000000 00000000 00000000 00000000 00000000 00000000 00000000 00000000 00000000 00000000 00000000 00000000 00000000 00000000 
5 003 002 --- --- 001 00000000 00000000 00000000 00000000 00000000 00000000 00000000 00000000 00000000 00000000 00000000 00000000 00000000 00000000 
6 004 003 002 --- --- 00000000 00000100 00000000 00000000 00000000 00000000 00000000 00000000 00000000 00000000 00000000 00000000 00000000 00000000 
7 004 004 003 002 --- 00000000 00000100 00000000 00000000 00000000 00000000 00000000 00000000 00000000 00000000 00000000 00000000 00000000 00000000 
8 004 004 003 002 --- 00000000 00000100 00000000 00000000 00000000 00000000 00000000 00000000 00000000 00000000 00000000 00000000 00000000 00000000 
9 004 004 003 002 --- 00000000 00000100 00000000 00000000 00000000 00000000 00000000 00000000 00000000 00000000 00000000 00000000 00000000 00000000 
10 004 004 003 002 --- 00000000 00000100 00000000 00000000 00000000 00000000 00000000 00000000 00000000 00000000 00000000 00000000 00000000 00000000 
11 004 004 003 002 --- 00000000 00000100 00000000 00000000 00000000 00000000 00000000 00000000 00000000 00000000 00000000 00000000 00000000 00000000 
12 004 004 003 002 --- 00000000 00000100 00000000 00000000 00000000 00000000 00000000 00000000 00000000 00000000 00000000 00000000 00000000 00000000 
13 004 004 003 002 --- 00000000 00000100 00000000 00000000 00000000 00000000 00000000 00000000 00000000 00000000 00000000 00000000 00000000 00000000 
14 004 004 003 002 --- 00000000 00000100 00000000 00000000 00000000 00000000 00000000 00000000 00000000 00000000 00000000 00000000 00000000 00000000 
15 004 004 003 002 --- 00000000 00000100 00000000 00000000 00000000 00000000 00000000 00000000 00000000 00000000 00000000 00000000 00000000 00000000 
16 004 004 003 002 --- 00000000 00000100 00000000 00000000 00000000 00000000 00000000 00000000 00000000 00000000 00000000 00000000 00000000 00000000 
17 004 004 003 002 --- 00000000 00000100 00000000 00000000 00000000 00000000 00000000 00000000 00000000 00000000 00000000 00000000 00000000 00000000 
18 004 004 003 002 --- 00000000 00000100 00000000 00000000 00000000 00000000 00000000 00000000 00000000 00000000 00000000 00000000 00000000 00000000 
19 004 004 003 002 --- 00000000 00000100 00000000 00000000 00000000 00000000 00000000 00000000 00000000 00000000 00000000 00000000 00000000 00000000 
20 004 004 003 002 --- 00000000 00000100 00000000 00000000 00000000 00000000 00000000 00000000 00000000 00000000 00000000 00000000 00000000 00000000 
21 004 004 003 002 --- 00000000 00000100 00000000 00000000 00000000 00000000 00000000 00000000 00000000 00000000 00000000 00000000 00000000 00000000 
22 004 004 003 002 --- 00000000 00000100 00000000 00000000 00000000 00000000 00000000 00000000 00000000 00000000 00000000 00000000 00000000 00000000 
23 004 004 003 002 --- 00000000 00000100 00000000 00000000 00000000 00000000 00000000 00000000 00000000 00000000 00000000 00000000 00000000 00000000 
24 004 004 003 002 --- 00000000 00000100 00000000 00000000 00000000 00000000 00000000 00000000 00000000 00000000 00000000 00000000 00000000 00000000 
25 004 004 003 002 --- 00000000 00000100 00000000 00000000 00000000 00000000 00000000 00000000 00000000 00000000 00000000 00000000 00000000 00000000 
26 004 004 003 002 --- 00000000 00000100 00000000 00000000 00000000 00000000 00000000 00000000 00000000 00000000 00000000 00000000 00000000 00000000 
27 004 004 003 002 --- 00000000 00000100 00000000 00000000 00000000 00000000 00000000 00000000 00000000 00000000 00000000 00000000 00000000 00000000 
28 004 004 --- 003 002 00000000 00000100 00000000 00000000 00000000 00000000 00000000 00000000 00000000 00000000 00000000 00000000 00000000 00000000 
29 004 004 --- --- 003 00000000 00000100 00000000 00000000 00000000 00000001 00000000 00000000 00000000 00000000 00000000 00000000 00000000 00000000 
30 005 004 --- --- --- 00000000 00000100 00001000 00000000 00000000 00000001 00000000 00000000 00000000 00000000 00000000 00000000 00000000 00000000 
31 006 005 004 --- --- 00000000 00000100 00001000 00000000 00000000 00000001 00000000 00000000 00000000 00000000 00000000 00000000 00000000 00000000 
32 007 006 005 004 --- 00000000 00000100 00001000 00000000 00000000 00000001 00000000 00000000 00000000 00000000 00000000 00000000 00000000 00000000 
33 007 007 006 005 004 00000000 00000100 00001000 00000000 00000000 00000001 00000000 00000000 00000000 00000000 00000000 00000000 00000000 00000000 
34 007 007 --- 006 005 00000000 00000100 00001000 00002000 00000000 00000001 00000000 00000000 00000000 00000000 00000000 00000000 00000000 00000000 
35 007 007 --- 006 --- 00000000 00000100 00001000 00002000 00001000 00000001 00000000 00000000 00000000 00000000 00000000 00000000 00000000 00000000 
36 007 007 --- 006 --- 00000000 00000100 00001000 00002000 00001000 00000001 00000000 00000000 00000000 00000000 00000000 00000000 00000000 00000000 
37 007 007 --- 006 --- 00000000 00000100 00001000 00002000 00001000 00000001 00000000 00000000 00000000 00000000 00000000 00000000 00000000 00000000 
38 007 007 --- 006 --- 00000000 00000100 00001000 00002000 00001000 00000001 00000000 00000000 00000000 00000000 00000000 00000000 00000000 00000000 
39 007 007 --- 006 --- 00000000 00000100 00001000 00002000 00001000 00000001 00000000 00000000 00000000 00000000 00000000 00000000 00000000 00000000 
40 007 007 --- 006 --- 00000000 00000100 00001000 00002000 00001000 00000001 00000000 00000000 00000000 00000000 00000000 00000000 00000000 00000000 
41 007 007 --- 006 --- 00000000 00000100 00001000 00002000 00001000 00000001 00000000 00000000 00000000 00000000 00000000 00000000 00000000 00000000 
42 007 007 --- 006 --- 00000000 00000100 00001000 00002000 00001000 00000001 00000000 00000000 00000000 00000000 00000000 00000000 00000000 00000000 
43 007 007 --- 006 --- 00000000 00000100 00001000 00002000 00001000 00000001 00000000 00000000 00000000 00000000 00000000 00000000 00000000 00000000 
44 007 007 --- 006 --- 00000000 00000100 00001000 00002000 00001000 00000001 00000000 00000000 00000000 00000000 00000000 00000000 00000000 00000000 
45 007 007 --- 006 --- 00000000 00000100 00001000 00002000 00001000 00000001 00000000 00000000 00000000 00000000 00000000 00000000 00000000 00000000 
46 007 007 --- 006 --- 00000000 00000100 00001000 00002000 00001000 00000001 00000000 00000000 00000000 00000000 00000000 00000000 00000000 00000000 
47 007 007 --- 006 --- 00000000 00000100 00001000 00002000 00001000 00000001 00000000 00000000 00000000 00000000 00000000 00000000 00000000 00000000 
48 007 007 --- 006 --- 00000000 00000100 00001000 00002000 00001000 00000001 00000000 00000000 00000000 00000000 00000000 00000000 00000000 00000000 
49 007 007 --- 006 --- 00000000 00000100 00001000 00002000 00001000 00000001 00000000 00000000 00000000 00000000 00000000 00000000 00000000 00000000 
50 007 007 --- 006 --- 00000000 00000100 00001000 00002000 00001000 00000001 00000000 00000000 00000000 00000000 00000000 00000000 00000000 00000000 
51 007 007 --- 006 --- 00000000 00000100 00001000 00002000 00001000 00000001 00000000 00000000 00000000 00000000 00000000 00000000 00000000 00000000 
52 007 007 --- 006 --- 00000000 00000100 00001000 00002000 00001000 00000001 00000000 00000000 00000000 00000000 00000000 00000000 00000000 00000000 
53 007 007 --- 006 --- 00000000 00000100 00001000 00002000 00001000 00000001 00000000 00000000 00000000 00000000 00000000 00000000 00000000 00000000 
54 007 007 --- 006 --- 00000000 00000100 00001000 00002000 00001000 00000001 00000000 00000000 00000000 00000000 00000000 00000000 00000000 00000000 
55 007 007 --- --- 006 00000000 00000100 00001000 00002000 00001000 00000001 00000000 00000000 00000000 00000000 00000000 00000000 00000000 00000000 
56 008 007 --- --- --- 00000000 00000100 00001000 00002000 00001000 00000001 00000001 00000000 00000000 00000000 00000000 00000000 00000000 00000000 
57 009 008 007 --- --- 00000000 00000100 00001000 00002000 00001000 00000001 00000001 00000000 00000000 00000000 00000000 00000000 00000000 00000000 
58 00A 009 008 007 --- 00000000 00000100 00001000 00002000 00001000 00000001 00000001 00000000 00000000 00000000 00000000 00000000 00000000 00000000 
59 00A 00A 009 008 007 00000000 00000100 00001000 00002000 00001000 00000001 00000001 00000000 00000000 00000000 00000000 00000000 00000000 00000000 
60 00B 00A --- 009 008 00000000 00000100 00001000 00002000 00001000 00000001 00000001 00000000 00000000 00000002 00000000 00000000 00000000 00000000 
61 00C 00B 00A --- 009 00000000 00000100 00001001 00002000 00001000 00000001 00000001 00000000 00000000 00000002 00000000 00000000 00000000 00000000 
62 00C 00C 00B 00A --- 00000000 00000100 00001001 00002000 00000FFF 00000001 00000001 00000000 00000000 00000002 00000000 00000000 00000000 00000000 
63 00C 00C 00B 00A --- 00000000 00000100 00001001 00002000 00000FFF 00000001 00000001 00000000 00000000 00000002 00000000 00000000 00000000 00000000 
64 00C 00C 00B 00A --- 00000000 00000100 00001001 00002000 00000FFF 00000001 00000001 00000000 00000000 00000002 00000000 00000000 00000000 00000000 
65 00C 00C 00B 00A --- 00000000 00000100 00001001 00002000 00000FFF 00000001 00000001 00000000 00000000 00000002 00000000 00000000 00000000 00000000 
66 00C 00C 00B 00A --- 00000000 00000100 00001001 00002000 00000FFF 00000001 00000001 00000000 00000000 00000002 00000000 00000000 00000000 00000000 
67 00C 00C 00B 00A --- 00000000 00000100 00001001 00002000 00000FFF 00000001 00000001 00000000 00000000 00000002 00000000 00000000 00000000 00000000 
68 00C 00C 00B 00A --- 00000000 00000100 00001001 00002000 00000FFF 00000001 00000001 00000000 00000000 00000002 00000000 00000000 00000000 00000000 
69 00C 00C 00B 00A --- 00000000 00000100 00001001 00002000 00000FFF 00000001 00000001 00000000 00000000 00000002 00000000 00000000 00000000 00000000 
70 00C 00C 00B 00A --- 00000000 00000100 00001001 00002000 00000FFF 00000001 00000001 00000000 00000000 00000002 00000000 00000000 00000000 00000000 
71 00C 00C 00B 00A --- 00000000 00000100 00001001 00002000 00000FFF 00000001 00000001 00000000 00000000 00000002 00000000 00000000 00000000 00000000 
72 00C 00C 00B 00A --- 00000000 00000100 00001001 00002000 00000FFF 00000001 00000001 00000000 00000000 00000002 00000000 00000000 00000000 00000000 
73 00C 00C 00B 00A --- 00000000 00000100 00001001 00002000 00000FFF 00000001 00000001 00000000 00000000 00000002 00000000 00000000 00000000 00000000 
74 00C 00C 00B 00A --- 00000000 00000100 00001001 00002000 00000FFF 00000001 00000001 00000000 00000000 00000002 00000000 00000000 00000000 00000000 
75 00C 00C 00B 00A --- 00000000 00000100 00001001 00002000 00000FFF 00000001 00000001 00000000 00000000 00000002 00000000 00000000 00000000 00000000 
76 00C 00C 00B 00A --- 00000000 00000100 00001001 00002000 00000FFF 00000001 00000001 00000000 00000000 00000002 00000000 00000000 00000000 00000000 
77 00C 00C 00B 00A --- 00000000 00000100 00001001 00002000 00000FFF 00000001 00000001 00000000 00000000 00000002 00000000 00000000 00000000 00000000 
78 00C 00C 00B 00A --- 00000000 00000100 00001001 00002000 00000FFF 00000001 00000001 00000000 00000000 00000002 00000000 00000000 00000000 00000000 
79 00C 00C 00B 00A --- 00000000 00000100 00001001 00002000 00000FFF 00000001 00000001 00000000 00000000 00000002 00000000 00000000 00000000 00000000 
80 00C 00C 00B 00A --- 00000000 00000100 00001001 00002000 00000FFF 00000001 00000001 00000000 00000000 00000002 00000000 00000000 00000000 00000000 
81 00C 00C 00B 00A --- 00000000 00000100 00001001 00002000 00000FFF 00000001 00000001 00000000 00000000 00000002 00000000 00000000 00000000 00000000 
82 00C 00C 00B 00A --- 00000000 00000100 00001001 00002000 00000FFF 00000001 00000001 00000000 00000000 00000002 00000000 00000000 00000000 00000000 
83 00C 00C 00B 00A --- 00000000 00000100 00001001 00002000 00000FFF 00000001 00000001 00000000 00000000 00000002 00000000 00000000 00000000 00000000 
84 00C 00C 00B 00A --- 00000000 00000100 00001001 00002000 00000FFF 00000001 00000001 00000000 00000000 00000002 00000000 00000000 00000000 00000000 
85 00C 00C 00B 00A --- 00000000 00000100 00001001 00002000 00000FFF 00000001 00000001 00000000 00000000 00000002 00000000 00000000 00000000 00000000 
86 00C 00C --- 00B 00A 00000000 00000100 00001001 00002000 00000FFF 00000001 00000001 00000000 00000000 00000002 00000000 00000000 00000000 00000000 
87 00C 00C --- --- 00B 00000000 00000100 00001001 00002000 00000FFF 00000001 00000001 00000000 00000000 00000002 00000000 00000000 00000000 00000000 
88 00D 00C --- --- --- 00000001 00000100 00001001 00002000 00000FFF 00000001 00000001 00000000 00000000 00000002 00000000 00000000 00000000 00000000 
89 00E 00D 00C --- --- 00000001 00000100 00001001 00002000 00000FFF 00000001 00000001 00000000 00000000 00000002 00000000 00000000 00000000 00000000 
90 00F 00E 00D 00C --- 00000001 00000100 00001001 00002000 00000FFF 00000001 00000001 00000000 00000000 00000002 00000000 00000000 00000000 00000000 
91 00F 00E 00D 00C --- 00000001 00000100 00001001 00002000 00000FFF 00000001 00000001 00000000 00000000 00000002 00000000 00000000 00000000 00000000 
92 00F 00E 00D 00C --- 00000001 00000100 00001001 00002000 00000FFF 00000001 00000001 00000000 00000000 00000002 00000000 00000000 00000000 00000000 
93 00F 00E 00D 00C --- 00000001 00000100 00001001 00002000 00000FFF 00000001 00000001 00000000 00000000 00000002 00000000 00000000 00000000 00000000 
94 00F 00E 00D 00C --- 00000001 00000100 00001001 00002000 00000FFF 00000001 00000001 00000000 00000000 00000002 00000000 00000000 00000000 00000000 
95 00F 00E 00D 00C --- 00000001 00000100 00001001 00002000 00000FFF 00000001 00000001 00000000 00000000 00000002 00000000 00000000 00000000 00000000 
96 00F 00E 00D 00C --- 00000001 00000100 00001001 00002000 00000FFF 00000001 00000001 00000000 00000000 00000002 00000000 00000000 00000000 00000000 
97 00F 00E 00D 00C --- 00000001 00000100 00001001 00002000 00000FFF 00000001 00000001 00000000 00000000 00000002 00000000 00000000 00000000 00000000 
98 00F 00E 00D 00C --- 00000001 00000100 00001001 00002000 00000FFF 00000001 00000001 00000000 00000000 00000002 00000000 00000000 00000000 00000000 
99 00F 00E 00D 00C --- 00000001 00000100 00001001 00002000 00000FFF 00000001 00000001 00000000 00000000 00000002 00000000 00000000 00000000 00000000 
100 00F 00E 00D 00C --- 00000001 00000100 00001001 00002000 00000FFF 00000001 00000001 00000000 00000000 00000002 00000000 00000000 00000000 00000000 
101 00F 00E 00D 00C --- 00000001 00000100 00001001 00002000 00000FFF 00000001 00000001 00000000 00000000 00000002 00000000 00000000 00000000 00000000 
102 00F 00E 00D 00C --- 00000001 00000100 00001001 00002000 00000FFF 00000001 00000001 00000000 00000000 00000002 00000000 00000000 00000000 00000000 
103 00F 00E 00D 00C --- 00000001 00000100 00001001 00002000 00000FFF 00000001 00000001 00000000 00000000 00000002 00000000 00000000 00000000 00000000 
104 00F 00E 00D 00C --- 00000001 00000100 00001001 00002000 00000FFF 00000001 00000001 00000000 00000000 00000002 00000000 00000000 00000000 00000000 
105 00F 00E 00D 00C --- 00000001 00000100 00001001 00002000 00000FFF 00000001 00000001 00000000 00000000 00000002 00000000 00000000 00000000 00000000 
106 00F 00E 00D 00C --- 00000001 00000100 00001001 00002000 00000FFF 00000001 00000001 00000000 00000000 00000002 00000000 00000000 00000000 00000000 
107 00F 00E 00D 00C --- 00000001 00000100 00001001 00002000 00000FFF 00000001 00000001 00000000 00000000 00000002 00000000 00000000 00000000 00000000 
108 00F 00E 00D 00C --- 00000001 00000100 00001001 00002000 00000FFF 00000001 00000001 00000000 00000000 00000002 00000000 00000000 00000000 00000000 
109 00F 00E 00D 00C --- 00000001 00000100 00001001 00002000 00000FFF 00000001 00000001 00000000 00000000 00000002 00000000 00000000 00000000 00000000 
110 00F 00E 00D 00C --- 00000001 00000100 00001001 00002000 00000FFF 00000001 00000001 00000000 00000000 00000002 00000000 00000000 00000000 00000000 
111 00F 00E 00D 00C --- 00000001 00000100 00001001 00002000 00000FFF 00000001 00000001 00000000 00000000 00000002 00000000 00000000 00000000 00000000 
112 00F 00E 00D 00C --- 00000001 00000100 00001001 00002000 00000FFF 00000001 00000001 00000000 00000000 00000002 00000000 00000000 00000000 00000000 
113 00F 00E 00D 00C --- 00000001 00000100 00001001 00002000 00000FFF 00000001 00000001 00000000 00000000 00000002 00000000 00000000 00000000 00000000 
114 00F 00E 00D 00C --- 00000001 00000100 00001001 00002000 00000FFF 00000001 00000001 00000000 00000000 00000002 00000000 00000000 00000000 00000000 
115 00F 00E 00D 00C --- 00000001 00000100 00001001 00002000 00000FFF 00000001 00000001 00000000 00000000 00000002 00000000 00000000 00000000 00000000 
116 00F 00E 00D 00C --- 00000001 00000100 00001001 00002000 00000FFF 00000001 00000001 00000000 00000000 00000002 00000000 00000000 00000000 00000000 
117 00F 00E 00D 00C --- 00000001 00000100 00001001 00002000 00000FFF 00000001 00000001 00000000 00000000 00000002 00000000 00000000 00000000 00000000 
118 00F 00E 00D 00C --- 00000001 00000100 00001001 00002000 00000FFF 00000001 00000001 00000000 00000000 00000002 00000000 00000000 00000000 00000000 
119 00F 00E 00D 00C --- 00000001 00000100 00001001 00002000 00000FFF 00000001 00000001 00000000 00000000 00000002 00000000 00000000 00000000 00000000 
120 007 00F 00E 00D 00C 00000001 00000100 00001001 00002000 00000FFF 00000001 00000001 00000000 00000000 00000002 00000000 00000000 00000000 00000000 
121 --- --- 00E 00D --- 00000001 00000100 00001001 00002000 00000FFF 00000001 00000001 00000000 00000000 00000002 00000000 00000000 00000000 00000000 
122 --- --- 00E 00D --- 00000001 00000100 00001001 00002000 00000FFF 00000001 00000001 00000000 00000000 00000002 00000000 00000000 00000000 00000000 
123 --- --- 00E 00D --- 00000001 00000100 00001001 00002000 00000FFF 00000001 00000001 00000000 00000000 00000002 00000000 00000000 00000000 00000000 
124 --- --- 00E 00D --- 00000001 00000100 00001001 00002000 00000FFF 00000001 00000001 00000000 00000000 00000002 00000000 00000000 00000000 00000000 
125 --- --- 00E 00D --- 00000001 00000100 00001001 00002000 00000FFF 00000001 00000001 00000000 00000000 00000002 00000000 00000000 00000000 00000000 
126 --- --- 00E 00D --- 00000001 00000100 00001001 00002000 00000FFF 00000001 00000001 00000000 00000000 00000002 00000000 00000000 00000000 00000000 
127 --- --- 00E 00D --- 00000001 00000100 00001001 00002000 00000FFF 00000001 00000001 00000000 00000000 00000002 00000000 00000000 00000000 00000000 
128 --- --- 00E 00D --- 00000001 00000100 00001001 00002000 00000FFF 00000001 00000001 00000000 00000000 00000002 00000000 00000000 00000000 00000000 
129 --- --- 00E 00D --- 00000001 00000100 00001001 00002000 00000FFF 00000001 00000001 00000000 00000000 00000002 00000000 00000000 00000000 00000000 
130 --- --- 00E 00D --- 00000001 00000100 00001001 00002000 00000FFF 00000001 00000001 00000000 00000000 00000002 00000000 00000000 00000000 00000000 
131 --- --- 00E 00D --- 00000001 00000100 00001001 00002000 00000FFF 00000001 00000001 00000000 00000000 00000002 00000000 00000000 00000000 00000000 
132 --- --- 00E 00D --- 00000001 00000100 00001001 00002000 00000FFF 00000001 00000001 00000000 00000000 00000002 00000000 00000000 00000000 00000000 
133 --- --- 00E 00D --- 00000001 00000100 00001001 00002000 00000FFF 00000001 00000001 00000000 00000000 00000002 00000000 00000000 00000000 00000000 
134 --- --- 00E 00D --- 00000001 00000100 00001001 00002000 00000FFF 00000001 00000001 00000000 00000000 00000002 00000000 00000000 00000000 00000000 
135 --- --- 00E 00D --- 00000001 00000100 00001001 00002000 00000FFF 00000001 00000001 00000000 00000000 00000002 00000000 00000000 00000000 00000000 
136 --- --- 00E 00D --- 00000001 00000100 00001001 00002000 00000FFF 00000001 00000001 00000000 00000000 00000002 00000000 00000000 00000000 00000000 
137 --- --- 00E 00D --- 00000001 00000100 00001001 00002000 00000FFF 00000001 00000001 00000000 00000000 00000002 00000000 00000000 00000000 00000000 
138 --- --- 00E 00D --- 00000001 00000100 00001001 00002000 00000FFF 00000001 00000001 00000000 00000000 00000002 00000000 00000000 00000000 00000000 
139 --- --- 00E 00D --- 00000001 00000100 00001001 00002000 00000FFF 00000001 00000001 00000000 00000000 00000002 00000000 00000000 00000000 00000000 
140 --- --- 00E 00D --- 00000001 00000100 00001001 00002000 00000FFF 00000001 00000001 00000000 00000000 00000002 00000000 00000000 00000000 00000000 
141 --- --- 00E 00D --- 00000001 00000100 00001001 00002000 00000FFF 00000001 00000001 00000000 00000000 00000002 00000000 00000000 00000000 00000000 
142 --- --- 00E 00D --- 00000001 00000100 00001001 00002000 00000FFF 00000001 00000001 00000000 00000000 00000002 00000000 00000000 00000000 00000000 
143 --- --- --- 00E 00D 00000001 00000100 00001001 00002000 00000FFF 00000001 00000001 00000000 00000000 00000002 00000000 00000000 00000000 00000000 
144 --- --- --- --- 00E 00000001 00000100 00001001 00002000 00000FFF 00000001 00000001 00000000 00000000 00000002 00000000 00000000 00000000 00000000 
145 --- --- --- --- --- 00000001 00000100 00001001 00002000 00000FFF 00000001 00000001 00000000 00000000 00000002 00000000 00000000 00000000 00000000 
