00003023
00003023
00003023
00003023
00003023
00003023
00003023
00003023
00003023
00003023
00003023
00003023
00003023
00003023
00003023
00003023
00003023
00003023
00003023
00003023
00003023
00003023
00003023
00003023
00003023
00003023
00003023
00003023
00003023
00003023
00003023
00003023
00003023
00003023
00003023
00003023
00003023
00003023
00003023
00003023
00003023
00003023
00003023
00003023
00003023
00003023
00003023
00003023
00003023
00003023
00003023
00003023
00003023
00003023
00003023
00003023
00003023
00003023
00003023
00003023
00003023
00003023
00003023
00003023
