00003027
00003027
00003027
00003027
00003027
00003027
00003027
00003027
00003027
00003027
00003027
00003027
00003027
00003027
00003027
00003027
00003027
00003027
00003027
00003027
00003027
00003027
00003027
00003027
00003027
00003027
00003027
00003027
00003027
00003027
00003027
00003027
00003027
00003027
00003027
00003027
00003027
00003027
00003027
00003027
00003027
00003027
00003027
00003027
00003027
00003027
00003027
00003027
00003027
00003027
00003027
00003027
00003027
00003027
00003027
00003027
00003027
00003027
00003027
00003027
00003027
00003027
00003027
00003027
